  210.0  7.64530e-18
  211.0  1.12722e-17
  212.0  1.57045e-17
  213.0  2.03900e-17
  214.0  2.50050e-17
  215.0  2.99273e-17
  216.0  3.52543e-17
  217.0  4.09292e-17
  218.0  4.80428e-17
  219.0  5.48776e-17
  220.0  5.98555e-17
  221.0  6.19786e-17
  222.0  6.14891e-17
  223.0  5.94966e-17
  224.0  5.44338e-17
  225.0  4.52783e-17
  226.0  3.45851e-17
  227.0  2.61334e-17
  228.0  2.23643e-17
  229.0  1.89886e-17
  230.0  1.44839e-17
  231.0  9.69119e-18
  232.0  5.99615e-18
  233.0  3.99187e-18
  234.0  2.66576e-18
  235.0  1.79752e-18
  236.0  1.22374e-18
  237.0  8.41067e-19
  238.0  5.83517e-19
  239.0  4.08618e-19
  240.0  2.88789e-19
  241.0  2.05969e-19
  242.0  1.48232e-19
  243.0  1.07635e-19
  244.0  7.88502e-20
  245.0  5.82698e-20
  246.0  4.34346e-20
  247.0  3.26541e-20
  248.0  2.47576e-20
  249.0  1.89281e-20
  250.0  1.45912e-20
  251.0  1.13402e-20
  252.0  8.88492e-21
  253.0  7.01694e-21
  254.0  5.58551e-21
  255.0  4.48082e-21
  256.0  3.62234e-21
  257.0  2.95066e-21
  258.0  2.42160e-21
  259.0  2.00217e-21
  260.0  1.66753e-21
  261.0  1.39886e-21
  262.0  1.18186e-21
  263.0  1.00556e-21
  264.0  8.61503e-22
  265.0  7.43142e-22
  266.0  6.45373e-22
  267.0  5.64201e-22
  268.0  4.96477e-22
  269.0  4.39708e-22
  270.0  3.91913e-22
  271.0  3.51507e-22
  272.0  3.17215e-22
  273.0  2.88012e-22
  274.0  2.63064e-22
  275.0  2.41694e-22
  276.0  2.23347e-22
  277.0  2.07571e-22
  278.0  1.93991e-22
  279.0  1.82300e-22
  280.0  1.72241e-22
  281.0  1.63603e-22
  282.0  1.56211e-22
  283.0  1.49918e-22
  284.0  1.44603e-22
  285.0  1.40166e-22
  286.0  1.36523e-22
  287.0  1.33607e-22
  288.0  1.31361e-22
  289.0  1.29742e-22
  290.0  1.28715e-22
  291.0  1.28254e-22
  292.0  1.28340e-22
  293.0  1.28963e-22
  294.0  1.30118e-22
  295.0  1.31807e-22
  296.0  1.34037e-22
  297.0  1.36823e-22
  298.0  1.40183e-22
  299.0  1.44144e-22
  300.0  1.48736e-22
  301.0  1.54000e-22
  302.0  1.59979e-22
  303.0  1.66725e-22
  304.0  1.74301e-22
  305.0  1.82773e-22
  306.0  1.92221e-22
  307.0  2.02732e-22
  308.0  2.14405e-22
  309.0  2.27353e-22
  310.0  2.41699e-22
  311.0  2.57583e-22
  312.0  2.75162e-22
  313.0  2.94609e-22
  314.0  3.16117e-22
  315.0  3.39903e-22
  316.0  3.66205e-22
  317.0  3.95289e-22
  318.0  4.27451e-22
  319.0  4.63018e-22
  320.0  5.02350e-22
  321.0  5.45849e-22
  322.0  5.93957e-22
  323.0  6.47160e-22
  324.0  7.05996e-22
  325.0  7.71055e-22
  326.0  8.42985e-22
  327.0  9.22495e-22
  328.0  1.01036e-21
  329.0  1.10744e-21
  330.0  1.21464e-21
  331.0  1.33297e-21
  332.0  1.46353e-21
  333.0  1.60747e-21
  334.0  1.76607e-21
  335.0  1.94067e-21
  336.0  2.13274e-21
  337.0  2.34382e-21
  338.0  2.57553e-21
  339.0  2.82960e-21
  340.0  3.10786e-21
  341.0  3.41217e-21
  342.0  3.74450e-21
  343.0  4.10686e-21
  344.0  4.50129e-21
  345.0  4.92986e-21
  346.0  5.39463e-21
  347.0  5.89761e-21
  348.0  6.44078e-21
  349.0  7.02596e-21
  350.0  7.65489e-21
  351.0  8.32905e-21
  352.0  9.04971e-21
  353.0  9.81783e-21
  354.0  1.06340e-20
  355.0  1.14984e-20
  356.0  1.24108e-20
  357.0  1.33701e-20
  358.0  1.43751e-20
  359.0  1.54234e-20
  360.0  1.65121e-20
  361.0  1.76376e-20
  362.0  1.87953e-20
  363.0  1.99797e-20
  364.0  2.11846e-20
  365.0  2.24027e-20
  366.0  2.36259e-20
  367.0  2.48453e-20
  368.0  2.60511e-20
  369.0  2.72328e-20
  370.0  2.83794e-20
  371.0  2.94793e-20
  372.0  3.05206e-20
  373.0  3.14913e-20
  374.0  3.23794e-20
  375.0  3.31730e-20
  376.0  3.38610e-20
  377.0  3.44328e-20
  378.0  3.48787e-20
  379.0  3.51903e-20
  380.0  3.53607e-20
  381.0  3.43659e-20
  382.0  7.60725e-20
  383.0  8.36193e-20
  384.0  1.63577e-19
  385.0  1.96542e-19
  386.0  1.54561e-19
  387.0  1.34062e-19
  388.0  2.00505e-19
  389.0  1.93231e-19
  390.0  1.41970e-19
  391.0  1.15662e-19
  392.0  1.77886e-19
  393.0  1.59777e-19
  394.0  8.93880e-20
  395.0  7.38377e-20
  396.0  1.13347e-19
  397.0  9.02512e-20
  398.0  9.58220e-20
  399.0  1.21680e-19
  400.0  6.97994e-20
  401.0  7.05975e-20
  402.0  1.77290e-19
  403.0  1.69856e-19
  404.0  1.42078e-19
  405.0  1.02463e-19
  406.0  1.90724e-19
  407.0  1.64433e-19
  408.0  2.70068e-19
  409.0  1.44724e-19
  410.0  9.63685e-20
  411.0  8.13056e-20
  412.0  6.36632e-20
  413.0  5.81775e-20
  414.0  4.39820e-20
