   75.0  1.04487e-24
   76.0  2.81590e-24
   77.0  7.30188e-24
   78.0  1.83675e-23
   79.0  4.50628e-23
   80.0  1.08043e-22
   81.0  2.52840e-22
   82.0  5.75580e-22
   83.0  1.26944e-21
   84.0  2.70255e-21
   85.0  5.53901e-21
   86.0  1.09128e-20
   87.0  2.06580e-20
   88.0  3.75902e-20
   89.0  6.58177e-20
   90.0  1.11055e-19
   91.0  1.80892e-19
   92.0  2.84987e-19
   93.0  4.35127e-19
   94.0  6.45137e-19
   95.0  9.30599e-19
   96.0  1.30837e-18
   97.0  1.79589e-18
   98.0  2.41022e-18
   99.0  3.16694e-18
  100.0  4.07878e-18
  101.0  5.15419e-18
  102.0  6.39589e-18
  103.0  7.79960e-18
  104.0  9.35314e-18
  105.0  1.10360e-17
  106.0  1.28197e-17
  107.0  1.46685e-17
  108.0  1.65418e-17
  109.0  1.83956e-17
  110.0  2.01861e-17
  111.0  2.18719e-17
  112.0  2.34168e-17
  113.0  2.47924e-17
  114.0  2.59791e-17
  115.0  2.69670e-17
  116.0  2.77556e-17
  117.0  2.83532e-17
  118.0  2.87748e-17
  119.0  2.90406e-17
  120.0  2.91733e-17
  121.0  2.91965e-17
  122.0  2.91326e-17
  123.0  2.90017e-17
  124.0  2.88203e-17
  125.0  2.86013e-17
  126.0  2.83536e-17
  127.0  2.80829e-17
  128.0  2.77922e-17
  129.0  2.74818e-17
  130.0  2.71509e-17
  131.0  2.67973e-17
  132.0  2.64180e-17
  133.0  2.60098e-17
  134.0  2.55691e-17
  135.0  2.50922e-17
  136.0  2.45753e-17
  137.0  2.40152e-17
  138.0  2.34089e-17
  139.0  2.27541e-17
  140.0  2.20497e-17
  141.0  2.12955e-17
  142.0  2.04932e-17
  143.0  1.96457e-17
  144.0  1.87575e-17
  145.0  1.78345e-17
  146.0  1.68839e-17
  147.0  1.59138e-17
  148.0  1.49325e-17
  149.0  1.39491e-17
  150.0  1.29721e-17
  151.0  1.20100e-17
  152.0  1.10707e-17
  153.0  1.01616e-17
  154.0  9.28954e-18
  155.0  8.46115e-18
  156.0  7.68294e-18
  157.0  6.96162e-18
  158.0  6.30436e-18
  159.0  5.71902e-18
  160.0  5.21424e-18
  161.0  4.79936e-18
  162.0  4.48414e-18
  163.0  4.27822e-18
  164.0  4.19037e-18
  165.0  4.22751e-18
  166.0  4.39367e-18
  167.0  4.68894e-18
  168.0  5.10854e-18
  169.0  5.64223e-18
  170.0  6.27399e-18
  171.0  6.98231e-18
  172.0  7.74085e-18
  173.0  8.51964e-18
  174.0  9.28661e-18
  175.0  1.00094e-17
  176.0  1.06572e-17
  177.0  1.12026e-17
  178.0  1.16230e-17
  179.0  1.19020e-17
  180.0  1.20296e-17
  181.0  1.20032e-17
  182.0  1.18264e-17
  183.0  1.15093e-17
  184.0  1.10667e-17
  185.0  1.05170e-17
  186.0  9.88156e-18
  187.0  9.18242e-18
  188.0  8.44175e-18
  189.0  7.68060e-18
  190.0  6.91810e-18
  191.0  6.17087e-18
  192.0  5.45266e-18
  193.0  4.77427e-18
  194.0  4.14354e-18
  195.0  3.56556e-18
  196.0  3.04299e-18
  197.0  2.57636e-18
  198.0  2.16452e-18
  199.0  1.80502e-18
  200.0  1.49443e-18
  201.0  1.22870e-18
  202.0  1.00346e-18
  203.0  8.14206e-19
  204.0  6.56516e-19
  205.0  5.26169e-19
  206.0  4.19243e-19
  207.0  3.32162e-19
  208.0  2.61736e-19
  209.0  2.05157e-19
  210.0  1.59991e-19
  211.0  1.24154e-19
  212.0  9.58870e-20
  213.0  7.37156e-20
  214.0  5.64198e-20
  215.0  4.29990e-20
  216.0  3.26404e-20
  217.0  2.46910e-20
  218.0  1.86337e-20
  219.0  1.40684e-20
  220.0  1.06999e-20
  221.0  8.33231e-21
  222.0  6.87439e-21
  223.0  6.35584e-21
  224.0  6.95853e-21
  225.0  9.06473e-21
  226.0  1.33241e-20
  227.0  2.07395e-20
  228.0  3.27682e-20
  229.0  5.14317e-20
  230.0  7.94221e-20
  231.0  1.20187e-19
  232.0  1.77970e-19
  233.0  2.57786e-19
  234.0  3.65302e-19
  235.0  5.06603e-19
  236.0  6.87844e-19
  237.0  9.14780e-19
  238.0  1.19220e-18
  239.0  1.52330e-18
  240.0  1.90910e-18
  241.0  2.34785e-18
  242.0  2.83466e-18
  243.0  3.36129e-18
  244.0  3.91622e-18
  245.0  4.48500e-18
  246.0  5.05086e-18
  247.0  5.59558e-18
  248.0  6.10052e-18
  249.0  6.54775e-18
  250.0  6.92115e-18
  251.0  7.20741e-18
  252.0  7.39683e-18
  253.0  7.48384e-18
  254.0  7.46723e-18
  255.0  7.35006e-18
  256.0  7.13929e-18
  257.0  6.84520e-18
  258.0  6.48061e-18
  259.0  6.05997e-18
  260.0  5.59855e-18
  261.0  5.11156e-18
  262.0  4.61342e-18
  263.0  4.11719e-18
  264.0  3.63414e-18
  265.0  3.17348e-18
  266.0  2.74228e-18
  267.0  2.34551e-18
  268.0  1.98617e-18
  269.0  1.66552e-18
  270.0  1.38336e-18
  271.0  1.13835e-18
  272.0  9.28239e-19
  273.0  7.50212e-19
  274.0  6.01089e-19
  275.0  4.77543e-19
  276.0  3.76264e-19
  277.0  2.94078e-19
  278.0  2.28039e-19
  279.0  1.75472e-19
  280.0  1.34012e-19
  281.0  1.01600e-19
  282.0  7.64770e-20
  283.0  5.71652e-20
  284.0  4.24394e-20
  285.0  3.12978e-20
  286.0  2.29316e-20
  287.0  1.66956e-20
  288.0  1.20804e-20
  289.0  8.68838e-21
  290.0  6.21208e-21
  291.0  4.41610e-21
  292.0  3.12181e-21
  293.0  2.19481e-21
  294.0  1.53487e-21
  295.0  1.06780e-21
  296.0  7.39097e-22
  297.0  5.09057e-22
  298.0  3.48928e-22
  299.0  2.38048e-22
  300.0  1.61660e-22
  301.0  1.09295e-22
  302.0  7.35712e-23
  303.0  4.93143e-23
  304.0  3.29187e-23
  305.0  2.18859e-23
  306.0  1.44938e-23
  307.0  9.56181e-24
  308.0  6.28468e-24
  309.0  4.11579e-24
  310.0  2.68591e-24
  311.0  1.74678e-24
  312.0  1.13223e-24
  313.0  7.31510e-25
  314.0  4.71120e-25
  315.0  3.02487e-25
  316.0  1.93635e-25
  317.0  1.23594e-25
  318.0  7.86648e-26
  319.0  4.99311e-26
  320.0  3.16084e-26
  321.0  1.99575e-26
  322.0  1.25694e-26
  323.0  7.89702e-27
  324.0  4.94971e-27
  325.0  3.09525e-27
  326.0  1.93126e-27
  327.0  1.20239e-27
  328.0  7.47036e-28
  329.0  4.63187e-28
  330.0  2.86629e-28
  331.0  1.77037e-28
  332.0  1.09150e-28
  333.0  6.71781e-29
  334.0  4.12783e-29
  335.0  2.53250e-29
  336.0  1.55157e-29
  337.0  9.49419e-30
  338.0  5.80381e-30
  339.0  3.54549e-30
  340.0  2.16547e-30
  341.0  1.32322e-30
  342.0  8.09759e-31
  343.0  4.97002e-31
  344.0  3.06602e-31
  345.0  1.90700e-31
  346.0  1.20104e-31
  347.0  7.70340e-32
  348.0  5.06766e-32
  349.0  3.44617e-32
  350.0  2.44027e-32
  351.0  1.80830e-32
  352.0  1.40388e-32
  353.0  1.13841e-32
  354.0  9.58246e-33
  355.0  8.30928e-33
  356.0  7.36781e-33
  357.0  6.63853e-33
  358.0  6.04861e-33
  359.0  5.55334e-33
  360.0  5.12508e-33
  361.0  4.74644e-33
  362.0  4.40629e-33
  363.0  4.09729e-33
  364.0  3.81445e-33
  365.0  3.55421e-33
  366.0  3.31392e-33
  367.0  3.09152e-33
  368.0  2.88535e-33
  369.0  2.69398e-33
  370.0  2.51621e-33
  371.0  2.35095e-33
  372.0  2.19724e-33
  373.0  2.05422e-33
  374.0  1.92108e-33
