   75.0  6.08260e-35
   76.0  7.59714e-34
   77.0  8.30019e-33
   78.0  7.95786e-32
   79.0  6.72745e-31
   80.0  5.04277e-30
   81.0  3.37135e-29
   82.0  2.02216e-28
   83.0  1.09447e-27
   84.0  5.37490e-27
   85.0  2.40776e-26
   86.0  9.88795e-26
   87.0  3.74030e-25
   88.0  1.30905e-24
   89.0  4.25685e-24
   90.0  1.29130e-23
   91.0  3.66777e-23
   92.0  9.78912e-23
   93.0  2.46318e-22
   94.0  5.86164e-22
   95.0  1.32311e-21
   96.0  2.84074e-21
   97.0  5.81666e-21
   98.0  1.13868e-20
   99.0  2.13622e-20
  100.0  3.84930e-20
  101.0  6.67652e-20
  102.0  1.11700e-19
  103.0  1.80618e-19
  104.0  2.82831e-19
  105.0  4.29711e-19
  106.0  6.34636e-19
  107.0  9.12785e-19
  108.0  1.28083e-18
  109.0  1.75654e-18
  110.0  2.35838e-18
  111.0  3.10512e-18
  112.0  4.01548e-18
  113.0  5.10782e-18
  114.0  6.39979e-18
  115.0  7.90799e-18
  116.0  9.64730e-18
  117.0  1.16302e-17
  118.0  1.38654e-17
  119.0  1.63569e-17
  120.0  1.91018e-17
  121.0  2.20886e-17
  122.0  2.52958e-17
  123.0  2.86897e-17
  124.0  3.22242e-17
  125.0  3.58400e-17
  126.0  3.94660e-17
  127.0  4.30207e-17
  128.0  4.64158e-17
  129.0  4.95602e-17
  130.0  5.23647e-17
  131.0  5.47471e-17
  132.0  5.66376e-17
  133.0  5.79830e-17
  134.0  5.87504e-17
  135.0  5.89292e-17
  136.0  5.85324e-17
  137.0  5.75949e-17
  138.0  5.61719e-17
  139.0  5.43351e-17
  140.0  5.21678e-17
  141.0  4.97601e-17
  142.0  4.72036e-17
  143.0  4.45858e-17
  144.0  4.19861e-17
  145.0  3.94718e-17
  146.0  3.70954e-17
  147.0  3.48934e-17
  148.0  3.28862e-17
  149.0  3.10786e-17
  150.0  2.94618e-17
  151.0  2.80164e-17
  152.0  2.67151e-17
  153.0  2.55258e-17
  154.0  2.44154e-17
  155.0  2.33521e-17
  156.0  2.23081e-17
  157.0  2.12613e-17
  158.0  2.01959e-17
  159.0  1.91036e-17
  160.0  1.79826e-17
  161.0  1.68373e-17
  162.0  1.56768e-17
  163.0  1.45139e-17
  164.0  1.33634e-17
  165.0  1.22407e-17
  166.0  1.11606e-17
  167.0  1.01361e-17
  168.0  9.17784e-18
  169.0  8.29348e-18
  170.0  7.48761e-18
  171.0  6.76188e-18
  172.0  6.11532e-18
  173.0  5.54487e-18
  174.0  5.04592e-18
  175.0  4.61297e-18
  176.0  4.24020e-18
  177.0  3.92191e-18
  178.0  3.65290e-18
  179.0  3.42873e-18
  180.0  3.24580e-18
  181.0  3.10141e-18
  182.0  2.99369e-18
  183.0  2.92155e-18
  184.0  2.88462e-18
  185.0  2.88319e-18
  186.0  2.91820e-18
  187.0  2.99120e-18
  188.0  3.10428e-18
  189.0  3.25994e-18
  190.0  3.46091e-18
  191.0  3.70974e-18
  192.0  4.00844e-18
  193.0  4.35795e-18
  194.0  4.75772e-18
  195.0  5.20523e-18
  196.0  5.69596e-18
  197.0  6.22337e-18
  198.0  6.77943e-18
  199.0  7.35544e-18
  200.0  7.94307e-18
  201.0  8.53575e-18
  202.0  9.12996e-18
  203.0  9.72643e-18
  204.0  1.03309e-17
  205.0  1.09545e-17
  206.0  1.16128e-17
  207.0  1.23251e-17
  208.0  1.31122e-17
  209.0  1.39937e-17
  210.0  1.49852e-17
  211.0  1.60956e-17
  212.0  1.73243e-17
  213.0  1.86596e-17
  214.0  2.00779e-17
  215.0  2.15438e-17
  216.0  2.30117e-17
  217.0  2.44286e-17
  218.0  2.57373e-17
  219.0  2.68803e-17
  220.0  2.78040e-17
  221.0  2.84626e-17
  222.0  2.88211e-17
  223.0  2.88575e-17
  224.0  2.85643e-17
  225.0  2.79481e-17
  226.0  2.70293e-17
  227.0  2.58396e-17
  228.0  2.44201e-17
  229.0  2.28180e-17
  230.0  2.10836e-17
  231.0  1.92677e-17
  232.0  1.74189e-17
  233.0  1.55816e-17
  234.0  1.37943e-17
  235.0  1.20888e-17
  236.0  1.04896e-17
  237.0  9.01435e-18
  238.0  7.67369e-18
  239.0  6.47248e-18
  240.0  5.41043e-18
  241.0  4.48318e-18
  242.0  3.68324e-18
  243.0  3.00095e-18
  244.0  2.42529e-18
  245.0  1.94464e-18
  246.0  1.54729e-18
  247.0  1.22195e-18
  248.0  9.57998e-19
  249.0  7.45750e-19
  250.0  5.76529e-19
  251.0  4.42719e-19
  252.0  3.37748e-19
  253.0  2.56031e-19
  254.0  1.92886e-19
  255.0  1.44442e-19
  256.0  1.07532e-19
  257.0  7.95996e-20
  258.0  5.85969e-20
  259.0  4.29041e-20
  260.0  3.12498e-20
  261.0  2.26456e-20
  262.0  1.63294e-20
  263.0  1.17184e-20
  264.0  8.37023e-21
  265.0  5.95160e-21
  266.0  4.21322e-21
  267.0  2.96985e-21
  268.0  2.08472e-21
  269.0  1.45749e-21
  270.0  1.01499e-21
  271.0  7.04151e-22
  272.0  4.86704e-22
  273.0  3.35203e-22
  274.0  2.30060e-22
  275.0  1.57366e-22
  276.0  1.07290e-22
  277.0  7.29177e-23
  278.0  4.94052e-23
  279.0  3.33748e-23
  280.0  2.24809e-23
  281.0  1.51007e-23
  282.0  1.01159e-23
  283.0  6.75889e-24
  284.0  4.50451e-24
  285.0  2.99472e-24
  286.0  1.98626e-24
  287.0  1.31438e-24
  288.0  8.67851e-25
  289.0  5.71796e-25
  290.0  3.75960e-25
  291.0  2.46704e-25
  292.0  1.61576e-25
  293.0  1.05626e-25
  294.0  6.89273e-26
  295.0  4.49018e-26
  296.0  2.92022e-26
  297.0  1.89616e-26
  298.0  1.22933e-26
  299.0  7.95836e-27
  300.0  5.14473e-27
  301.0  3.32132e-27
  302.0  2.14138e-27
  303.0  1.37890e-27
  304.0  8.86858e-28
  305.0  5.69741e-28
  306.0  3.65617e-28
  307.0  2.34380e-28
  308.0  1.50101e-28
  309.0  9.60360e-29
  310.0  6.13893e-29
  311.0  3.92084e-29
  312.0  2.50215e-29
  313.0  1.59556e-29
  314.0  1.01671e-29
  315.0  6.47414e-30
  316.0  4.11992e-30
  317.0  2.62019e-30
  318.0  1.66545e-30
  319.0  1.05805e-30
  320.0  6.71842e-31
  321.0  4.26418e-31
  322.0  2.70539e-31
  323.0  1.71580e-31
  324.0  1.08784e-31
  325.0  6.89520e-32
  326.0  4.36951e-32
  327.0  2.76852e-32
  328.0  1.75397e-32
  329.0  1.11119e-32
  330.0  7.04025e-33
  331.0  4.46141e-33
  332.0  2.82818e-33
  333.0  1.79380e-33
  334.0  1.13863e-33
  335.0  7.23554e-34
  336.0  4.60501e-34
  337.0  2.93700e-34
  338.0  1.87852e-34
  339.0  1.20610e-34
  340.0  7.78311e-35
  341.0  5.05607e-35
  342.0  3.31299e-35
  343.0  2.19482e-35
  344.0  1.47413e-35
  345.0  1.00671e-35
  346.0  7.01108e-36
  347.0  4.99236e-36
  348.0  3.64158e-36
  349.0  2.72345e-36
  350.0  2.08769e-36
  351.0  1.63800e-36
  352.0  1.31244e-36
  353.0  1.07091e-36
  354.0  8.87277e-37
  355.0  7.44369e-37
  356.0  6.30748e-37
  357.0  5.38700e-37
  358.0  4.62931e-37
  359.0  3.99738e-37
  360.0  3.46469e-37
  361.0  3.01188e-37
  362.0  2.62440e-37
  363.0  2.29111e-37
  364.0  2.00326e-37
  365.0  1.75387e-37
  366.0  1.53725e-37
  367.0  1.34870e-37
  368.0  1.18433e-37
  369.0  1.04083e-37
  370.0  9.15400e-38
  371.0  8.05655e-38
  372.0  7.09546e-38
  373.0  6.25307e-38
  374.0  5.51416e-38
  375.0  4.86556e-38
  376.0  4.29583e-38
  377.0  3.79505e-38
  378.0  3.35461e-38
  379.0  2.96698e-38
  380.0  2.62564e-38
  381.0  2.32488e-38
  382.0  2.05971e-38
  383.0  1.82580e-38
  384.0  1.61933e-38
  385.0  1.43699e-38
  386.0  1.27587e-38
  387.0  1.13341e-38
  388.0  1.00740e-38
  389.0  8.95863e-39
  390.0  7.97091e-39
  391.0  7.09576e-39
  392.0  6.31993e-39
  393.0  5.63178e-39
  394.0  5.02111e-39
  395.0  4.47889e-39
  396.0  3.99721e-39
  397.0  3.56910e-39
  398.0  3.18840e-39
  399.0  2.84969e-39
  400.0  2.54820e-39
  401.0  2.27969e-39
  402.0  2.04045e-39
  403.0  1.82718e-39
  404.0  1.63697e-39
  405.0  1.46724e-39
  406.0  1.31572e-39
  407.0  1.18039e-39
  408.0  1.05947e-39
  409.0  9.51359e-40
  410.0  8.54667e-40
  411.0  7.68146e-40
  412.0  6.90689e-40
  413.0  6.21318e-40
  414.0  5.59158e-40
  415.0  5.03436e-40
  416.0  4.53463e-40
  417.0  4.08626e-40
  418.0  3.68379e-40
  419.0  3.32237e-40
  420.0  2.99767e-40
  421.0  2.70583e-40
  422.0  2.44342e-40
  423.0  2.20736e-40
  424.0  1.99493e-40
  425.0  1.80368e-40
  426.0  1.63142e-40
  427.0  1.47622e-40
  428.0  1.33636e-40
  429.0  1.21051e-40
  430.0  1.09861e-40
  431.0  1.00702e-40
  432.0  9.76546e-41
  433.0  1.22904e-40
  434.0  2.90824e-40
  435.0  1.16947e-39
  436.0  5.48520e-39
  437.0  2.58920e-38
  438.0  1.19214e-37
  439.0  5.32434e-37
  440.0  2.30495e-36
  441.0  9.67360e-36
  442.0  3.93721e-35
  443.0  1.55460e-34
  444.0  5.95718e-34
  445.0  2.21619e-33
  446.0  8.00705e-33
  447.0  2.81055e-32
  448.0  9.58765e-32
  449.0  3.17969e-31
  450.0  1.02555e-30
  451.0  3.21788e-30
  452.0  9.82585e-30
  453.0  2.92077e-29
  454.0  8.45454e-29
  455.0  2.38389e-28
  456.0  6.54971e-28
  457.0  1.75400e-27
  458.0  4.57978e-27
  459.0  1.16626e-26
  460.0  2.89741e-26
  461.0  7.02453e-26
  462.0  1.66242e-25
  463.0  3.84157e-25
  464.0  8.67041e-25
  465.0  1.91186e-24
  466.0  4.11981e-24
  467.0  8.67801e-24
  468.0  1.78732e-23
  469.0  3.60031e-23
  470.0  7.09488e-23
  471.0  1.36814e-22
  472.0  2.58229e-22
  473.0  4.77179e-22
  474.0  8.63507e-22
  475.0  1.53061e-21
  476.0  2.65819e-21
  477.0  4.52408e-21
  478.0  7.54748e-21
  479.0  1.23453e-20
  480.0  1.98032e-20
  481.0  3.11598e-20
  482.0  4.81039e-20
  483.0  7.28770e-20
  484.0  1.08373e-19
  485.0  1.58220e-19
  486.0  2.26836e-19
  487.0  3.19419e-19
  488.0  4.41875e-19
  489.0  6.00645e-19
  490.0  8.02428e-19
  491.0  1.05378e-18
  492.0  1.36063e-18
  493.0  1.72766e-18
  494.0  2.15770e-18
  495.0  2.65107e-18
  496.0  3.20503e-18
  497.0  3.81335e-18
  498.0  4.46605e-18
  499.0  5.14949e-18
  500.0  5.84665e-18
  501.0  6.53778e-18
  502.0  7.20129e-18
  503.0  7.81492e-18
  504.0  8.35694e-18
  505.0  8.80751e-18
  506.0  9.14989e-18
  507.0  9.37147e-18
  508.0  9.46457e-18
  509.0  9.42685e-18
  510.0  9.26136e-18
  511.0  8.97625e-18
  512.0  8.58411e-18
  513.0  8.10110e-18
  514.0  7.54584e-18
  515.0  6.93830e-18
  516.0  6.29861e-18
  517.0  5.64610e-18
  518.0  4.99837e-18
  519.0  4.37065e-18
  520.0  3.77543e-18
  521.0  3.22217e-18
  522.0  2.71741e-18
  523.0  2.26489e-18
  524.0  1.86588e-18
  525.0  1.51958e-18
  526.0  1.22356e-18
  527.0  9.74191e-19
  528.0  7.67081e-19
  529.0  5.97408e-19
  530.0  4.60246e-19
  531.0  3.50794e-19
  532.0  2.64553e-19
  533.0  1.97436e-19
  534.0  1.45829e-19
  535.0  1.06616e-19
  536.0  7.71627e-20
  537.0  5.52912e-20
  538.0  3.92299e-20
  539.0  2.75640e-20
  540.0  1.91813e-20
  541.0  1.32214e-20
  542.0  9.02793e-21
  543.0  6.10742e-21
  544.0  4.09386e-21
  545.0  2.71933e-21
  546.0  1.79016e-21
  547.0  1.16807e-21
  548.0  7.55502e-22
  549.0  4.84440e-22
  550.0  3.07983e-22
  551.0  1.94150e-22
  552.0  1.21372e-22
  553.0  7.52506e-23
  554.0  4.62761e-23
  555.0  2.82293e-23
  556.0  1.70837e-23
  557.0  1.02576e-23
  558.0  6.11119e-24
  559.0  3.61300e-24
  560.0  2.11988e-24
  561.0  1.23451e-24
  562.0  7.13603e-25
  563.0  4.09483e-25
  564.0  2.33277e-25
  565.0  1.31947e-25
  566.0  7.41069e-26
  567.0  4.13319e-26
  568.0  2.28937e-26
  569.0  1.25947e-26
  570.0  6.88231e-27
  571.0  3.73587e-27
  572.0  2.01464e-27
  573.0  1.07940e-27
  574.0  5.74621e-28
  575.0  3.03970e-28
  576.0  1.59794e-28
  577.0  8.34848e-29
  578.0  4.33512e-29
  579.0  2.23757e-29
  580.0  1.14806e-29
  581.0  5.85591e-30
  582.0  2.96962e-30
  583.0  1.49732e-30
  584.0  7.50696e-31
  585.0  3.74267e-31
  586.0  1.85565e-31
  587.0  9.15039e-32
  588.0  4.48785e-32
  589.0  2.18939e-32
  590.0  1.06248e-32
  591.0  5.12937e-33
  592.0  2.46364e-33
  593.0  1.17730e-33
  594.0  5.59792e-34
