    1.0  1.47933e-19
    2.0  4.75203e-19
    3.0  1.77166e-19
    4.0  8.70856e-20
    5.0  1.43000e-19
    6.0  2.10500e-19
    7.0  2.98500e-19
    8.0  4.12500e-19
    9.0  5.41500e-19
   10.0  6.85000e-19
   11.0  8.31000e-19
   12.0  9.75000e-19
   13.0  1.12500e-18
   14.0  1.29000e-18
   15.0  1.47162e-18
   16.0  1.65662e-18
   17.0  1.85000e-18
   18.0  2.05616e-18
   19.0  2.27116e-18
   20.0  2.49000e-18
   21.0  2.71500e-18
   22.0  2.95000e-18
   23.0  3.19500e-18
   24.0  3.45000e-18
   25.0  3.71500e-18
   26.0  3.98500e-18
   27.0  4.26500e-18
   28.0  4.55610e-18
   29.0  4.84786e-18
   30.0  5.13946e-18
   31.0  5.43270e-18
   32.0  5.73386e-18
   33.0  6.04251e-18
   34.0  6.35365e-18
   35.0  6.67141e-18
   36.0  6.99597e-18
   37.0  7.32457e-18
   38.0  7.66321e-18
   39.0  8.01092e-18
   40.0  8.35771e-18
   41.0  8.69874e-18
   42.0  9.03374e-18
   43.0  9.36983e-18
   44.0  9.70983e-18
   45.0  1.00547e-17
   46.0  1.04059e-17
   47.0  1.07599e-17
   48.0  1.11153e-17
   49.0  1.14706e-17
   50.0  1.18240e-17
   51.0  1.21720e-17
   52.0  1.25220e-17
   53.0  1.28976e-17
   54.0  1.32976e-17
   55.0  1.36934e-17
   56.0  1.40729e-17
   57.0  1.44383e-17
   58.0  1.47908e-17
   59.0  1.51320e-17
   60.0  1.54711e-17
   61.0  1.58075e-17
   62.0  1.61329e-17
   63.0  1.64488e-17
   64.0  1.67567e-17
   65.0  1.70586e-17
   66.0  1.73564e-17
   67.0  1.76523e-17
   68.0  1.79546e-17
   69.0  1.82600e-17
   70.0  1.85553e-17
   71.0  1.88395e-17
   72.0  1.91118e-17
   73.0  1.93723e-17
   74.0  1.99677e-17
   75.0  2.10814e-17
   76.0  2.24845e-17
   77.0  2.40226e-17
   78.0  2.54956e-17
   79.0  2.66565e-17
   80.0  2.72293e-17
   81.0  2.69524e-17
   82.0  2.56410e-17
   83.0  2.32553e-17
   84.0  1.93243e-17
   85.0  1.45362e-17
   86.0  1.03044e-17
   87.0  6.93122e-18
   88.0  4.45470e-18
   89.0  2.75471e-18
   90.0  1.65055e-18
   91.0  9.65012e-19
   92.0  5.54459e-19
   93.0  3.15304e-19
   94.0  1.78740e-19
   95.0  1.01735e-19
   96.0  5.85623e-20
   97.0  3.43413e-20
   98.0  2.06652e-20
   99.0  1.28550e-20
  100.0  6.75674e-21
  101.0  2.33081e-21
  102.0  7.52998e-22
  103.0  2.33476e-22
  104.0  7.12286e-23
  105.0  2.19273e-23
  106.0  6.98780e-24
  107.0  2.36584e-24
  108.0  8.73722e-25
  109.0  3.61545e-25
  110.0  1.72288e-25
  111.0  9.72351e-26
  112.0  6.68839e-26
  113.0  5.77377e-26
  114.0  6.44348e-26
  115.0  9.57653e-26
  116.0  1.95177e-25
  117.0  5.61128e-25
  118.0  2.33763e-24
  119.0  1.44738e-23
  120.0  1.36430e-22
  121.0  1.19209e-21
  122.0  8.34052e-21
  123.0  2.90022e-20
  124.0  7.64986e-20
  125.0  1.69952e-19
  126.0  3.40500e-19
  127.0  6.23588e-19
  128.0  1.08325e-18
  129.0  1.77593e-18
  130.0  2.75321e-18
  131.0  4.03246e-18
  132.0  5.63568e-18
  133.0  7.61080e-18
  134.0  9.94227e-18
  135.0  1.15062e-17
  136.0  9.23283e-18
  137.0  5.02646e-18
  138.0  2.13833e-18
  139.0  9.47743e-19
  140.0  3.94264e-19
  141.0  1.93816e-19
  142.0  1.23744e-19
  143.0  1.00766e-19
  144.0  1.09084e-19
  145.0  1.37013e-19
  146.0  1.72768e-19
  147.0  2.08101e-19
  148.0  2.38488e-19
  149.0  2.52230e-19
  150.0  2.56895e-19
  151.0  2.74806e-19
  152.0  1.63755e-19
  153.0  2.52051e-20
  154.0  7.19163e-22
  155.0  9.47177e-22
  156.0  5.55149e-20
  157.0  6.36441e-19
  158.0  1.98889e-18
  159.0  3.13763e-18
  160.0  6.88714e-18
  161.0  1.49884e-17
  162.0  1.81142e-17
  163.0  7.23533e-18
  164.0  1.18058e-18
  165.0  1.02703e-19
  166.0  2.32866e-20
  167.0  5.61523e-21
  168.0  2.28337e-21
  169.0  2.13465e-21
  170.0  2.55366e-21
  171.0  2.63054e-21
  172.0  2.42668e-21
  173.0  2.13925e-21
  174.0  1.78832e-21
  175.0  1.39457e-21
  176.0  9.87231e-22
  177.0  6.10616e-22
  178.0  2.67881e-22
  179.0  7.92565e-23
  180.0  3.49746e-23
  181.0  7.91478e-23
  182.0  3.66246e-22
  183.0  8.89751e-22
  184.0  1.43894e-21
  185.0  2.11109e-21
  186.0  2.76365e-21
  187.0  3.36526e-21
  188.0  3.90157e-21
  189.0  4.27000e-21
  190.0  4.33318e-21
  191.0  3.85185e-21
  192.0  2.75864e-21
  193.0  1.20389e-21
  194.0  3.09926e-22
  195.0  2.58785e-23
  196.0  3.02558e-24
  197.0  8.96492e-26
  198.0  9.31136e-27
  199.0  5.58004e-28
  200.0  3.61323e-29
  201.0  2.52616e-30
  202.0  1.90549e-31
  203.0  1.54956e-32
  204.0  1.35750e-33
  205.0  1.28018e-34
  206.0  1.29861e-35
  207.0  1.41591e-36
  208.0  1.65811e-37
  209.0  2.08395e-38
  210.0  2.80884e-39
  211.0  4.05702e-40
  212.0  6.27479e-41
  213.0  1.03842e-41
  214.0  1.83740e-42
  215.0  3.47344e-43
  216.0  7.00988e-44
  217.0  1.50913e-44
  218.0  3.46321e-45
  219.0  8.46515e-46
  220.0  2.20223e-46
  221.0  6.09298e-47
  222.0  1.79145e-47
  223.0  5.59310e-48
  224.0  1.85285e-48
  225.0  6.50777e-49
  226.0  2.42155e-49
  227.0  9.53870e-50
  228.0  3.97449e-50
  229.0  1.75039e-50
  230.0  8.14158e-51
  231.0  3.99639e-51
  232.0  2.06858e-51
  233.0  1.12819e-51
  234.0  6.47830e-52
  235.0  3.91351e-52
  236.0  2.48518e-52
  237.0  1.65766e-52
  238.0  1.16048e-52
  239.0  8.52013e-53
  240.0  6.55504e-53
  241.0  5.28063e-53
  242.0  4.45076e-53
  243.0  3.92175e-53
  244.0  3.60979e-53
  245.0  3.46813e-53
  246.0  3.47520e-53
  247.0  3.62906e-53
  248.0  3.94634e-53
  249.0  4.46519e-53
  250.0  5.25278e-53
  251.0  6.41947e-53
  252.0  8.14384e-53
  253.0  1.07161e-52
  254.0  1.46145e-52
  255.0  2.06408e-52
  256.0  3.01665e-52
  257.0  4.55867e-52
  258.0  7.11747e-52
  259.0  1.14722e-51
  260.0  1.90750e-51
  261.0  3.26916e-51
  262.0  5.77064e-51
  263.0  1.04831e-50
  264.0  1.95835e-50
  265.0  3.75916e-50
  266.0  7.40888e-50
  267.0  1.49809e-49
  268.0  3.10532e-49
  269.0  6.59359e-49
  270.0  1.43301e-48
  271.0  3.18527e-48
  272.0  7.23571e-48
  273.0  1.67847e-47
  274.0  3.97293e-47
  275.0  9.58814e-47
  276.0  2.35748e-46
  277.0  5.90088e-46
  278.0  1.50247e-45
  279.0  3.88845e-45
  280.0  1.02211e-44
  281.0  2.72666e-44
  282.0  7.37642e-44
  283.0  2.02211e-43
  284.0  5.61271e-43
  285.0  1.57622e-42
  286.0  4.47511e-42
  287.0  1.28351e-41
  288.0  3.71593e-41
  289.0  1.08512e-40
  290.0  3.19370e-40
  291.0  9.46643e-40
  292.0  2.82370e-39
  293.0  8.46954e-39
  294.0  2.55256e-38
  295.0  7.72388e-38
  296.0  2.34480e-37
  297.0  7.13597e-37
  298.0  2.17544e-36
  299.0  6.63825e-36
